
	LPC computation experiment 
	LPC order   : 10
	Frame Size  : 180
0, LPC: -188 -2532 -79 -2260 672 -189 1082 269 365 -950 
1, LPC: -1117 -2788 427 -2126 -1019 95 1234 -908 580 -2046 
2, LPC: -840 -3240 822 -1060 683 -961 604 -987 461 -2 
3, LPC: -1637 -4696 2944 4492 204 -1958 428 1870 792 -423 
4, LPC: -778 -2672 -2017 -1572 1923 2051 4425 -1225 -2405 1477 
5, LPC: -2621 -2059 1758 -152 342 -490 4779 1428 -3724 1187 
6, LPC: -4659 -2379 5961 3275 -4704 649 5608 923 -3601 2680 
7, LPC: -6711 -3682 9140 2953 -7934 2139 4937 -864 -1629 1367 
8, LPC: -6996 -3417 8305 3112 -7354 1090 3677 266 -1394 -122 
9, LPC: -3019 -4046 4519 3718 -4856 108 5251 -184 -3892 771 
10, LPC: -12943 10137 -9240 8781 -9795 11170 -8493 6573 -4615 1690 
11, LPC: -9731 1831 2807 -1885 -2407 5386 709 -5824 4181 -482 
12, LPC: -1565 -1196 -1818 3987 3092 3615 -2250 -1386 2218 1062 
13, LPC: -642 -1400 -4154 4527 4117 3303 -2654 -906 1420 717 
14, LPC: -185 -2037 -5217 4435 5124 2949 -3487 -1669 1177 1236 
15, LPC: -733 -1524 -4250 4392 4238 2348 -2703 -1589 1116 587 
16, LPC: -963 1 -4168 4172 3284 3206 -2020 -1376 809 414 
17, LPC: -1996 1865 -3500 3949 2155 3070 -770 -1426 994 -118 
18, LPC: -5959 5762 -6024 6663 -1706 4667 -2036 -858 1214 -349 
19, LPC: -9740 7657 -8128 8976 -5141 6100 -3588 -328 39 1182 
20, LPC: -454 -296 -550 -1148 -328 483 -906 -365 -553 744 
21, LPC: 1492 -967 655 892 187 -57 1166 -12 -356 -289 
22, LPC: 3237 -652 1612 785 964 1277 1810 1274 411 260 
23, LPC: 114 -734 467 -59 22 -1848 2447 812 553 -867 
24, LPC: -9259 7716 -1406 -1862 1989 429 567 -426 1418 -1375 
25, LPC: -2042 -1249 330 -2205 1692 -2460 969 -521 353 -277 
26, LPC: -1838 -3236 265 -1626 857 -1159 -293 -1001 1506 -525 
27, LPC: -9647 40 3502 -4668 5191 -3578 345 841 837 -109 
28, LPC: 221 -5672 -6344 1853 5399 976 -388 -1706 576 793 
29, LPC: 266 -10204 -7666 8277 10338 -1571 -7583 -351 3051 347 
30, LPC: 161 -9935 -7539 8115 9744 -1098 -7736 -498 3459 418 
31, LPC: 953 -8258 -9596 4845 8945 2210 -5398 -1077 1674 554 
32, LPC: -4134 -5800 -3552 2503 4870 -2273 1381 -705 1654 -1427 
33, LPC: -1563 -2386 -253 -2050 922 -2169 247 -1505 889 316 
34, LPC: -3114 -996 1745 2298 2641 -1876 192 1839 1106 -455 
35, LPC: 2022 -1250 -3834 -1079 1682 2643 902 154 1454 -952 
36, LPC: -7193 -1947 -4608 6474 3053 -272 -2684 -1071 1419 79 
37, LPC: -3075 -1627 -6680 1790 3326 2855 -172 -3188 1444 863 
38, LPC: -2995 -1840 -1957 -2361 2933 -1972 688 212 1004 -109 
39, LPC: -1336 -518 334 -734 285 -2215 1413 -433 1426 -762 
40, LPC: -1252 64 -3047 3333 -700 1723 -835 -453 -277 -56 
41, LPC: 3084 -1953 -1937 1377 629 2473 582 -497 674 1142 
42, LPC: 4887 -2331 -4076 2078 3530 -422 -199 1134 1254 137 
43, LPC: -5894 -2948 -3692 5648 4989 -3324 -964 -1789 2735 -272 
44, LPC: -636 -1786 -4867 -1071 5643 2206 1107 -1839 -183 663 
45, LPC: -3739 1308 -3 -4883 5719 154 2073 1826 -2300 625 
46, LPC: -8038 5764 1300 -8257 9620 -3228 1053 3547 -1924 496 
47, LPC: -10705 8727 1510 -10597 12048 -3869 -835 5031 -2693 1140 
48, LPC: -9400 7285 1816 -10324 11548 -3064 -1433 6365 -4092 1696 
49, LPC: -3778 2587 -888 -6451 7921 -1118 2749 2258 -2759 1001 
50, LPC: 243 -2041 -6648 -1457 6789 2849 1379 -2736 -240 757 
51, LPC: 2083 -5376 -9332 1268 8820 3658 -2957 -3101 1433 1301 
52, LPC: 2348 -6842 -9590 2772 9708 2402 -4142 -2674 2436 762 
53, LPC: 1132 -6443 -8737 3550 8765 2722 -4291 -2399 1927 525 
54, LPC: -866 -4904 -5190 3558 6207 1798 -3108 -2017 2461 334 
55, LPC: -3226 -2789 -3653 3424 3834 2756 -2567 -3829 2944 36 
56, LPC: -6724 743 -2345 2411 883 3012 101 -5129 3153 -411 
57, LPC: -15363 11719 -7908 6422 -2704 -540 3126 -4933 4283 -1241 
58, LPC: -9609 2708 -649 2847 -3181 3516 2282 -4612 -1120 2786 
59, LPC: -9579 5148 -495 3806 -5689 4058 1983 -2137 -1192 1386 
60, LPC: -12845 5899 4451 -389 -7948 7692 -375 -2458 1052 160 
61, LPC: -14374 7007 4942 -1697 -7017 7605 -2814 1350 -1673 813 
62, LPC: -11806 4731 3218 4884 -10182 5372 1345 933 -2675 1727 
63, LPC: -9742 2543 4226 3853 -6732 1314 3800 2020 -4427 2188 
64, LPC: -8208 2651 2815 1566 -2237 117 3391 1372 -3475 1569 
65, LPC: -7281 1869 2350 -425 -124 1298 3546 -2280 -1005 1777 
66, LPC: -5602 665 1409 186 -74 1741 2953 -2465 976 281 
67, LPC: -5176 -591 1560 -1612 -500 -169 4827 -954 -1483 1036 
68, LPC: -1344 -2843 -2661 1798 -1832 -1079 4087 2343 269 -1927 
69, LPC: -4605 -1048 -1926 2867 -1877 3148 1924 -1585 -616 647 
70, LPC: -2195 -2908 -5841 3118 4018 3348 -1769 -2149 1248 276 
71, LPC: 259 -5352 -8637 3190 7354 3770 -3782 -2849 1267 1209 
72, LPC: 1638 -5158 -9158 258 8538 4353 -2167 -3991 877 1760 
73, LPC: -4194 360 -3625 -3214 5549 440 901 1165 -3659 2562 
74, LPC: -12934 7745 898 -7300 7972 -3297 -2697 6968 -4681 1373 
75, LPC: -14025 7240 2493 -3922 1256 1017 -2143 1523 64 300 
76, LPC: -14135 7507 2976 -3168 -2818 5064 -2273 -28 139 805 
77, LPC: -17707 16235 -73 -12916 7793 8121 -15012 10033 -1894 -339 
78, LPC: -10473 7901 1373 -7552 7206 1500 -5831 7705 -3766 111 
79, LPC: -5584 3733 1468 -2323 4321 710 1755 478 -286 574 
80, LPC: -3902 2270 -763 1588 3066 1776 1859 -2024 1232 1222 
81, LPC: -2909 1055 -1730 3040 2865 2797 -110 -1482 1450 1261 
82, LPC: -2692 116 -2159 3571 3374 2650 -925 -1743 1763 1448 
83, LPC: -2662 -384 -3001 4031 3806 2421 -1924 -1168 1897 1180 
84, LPC: -1429 -1204 -4895 3715 3834 2964 -1555 -1103 1401 128 
85, LPC: -701 -3870 -8133 4956 6086 2804 -3619 -2085 1326 747 
86, LPC: -4275 -3312 -5640 8819 667 -661 -4286 1062 2204 -211 
87, LPC: -9554 -1133 -2089 6992 -1256 477 -1708 -1119 3620 -1940 
88, LPC: 878 -6959 -6716 -1142 2355 3935 3308 549 -1500 -1380 
89, LPC: -8729 -424 1573 -2433 2953 1437 697 -3602 -150 1912 
90, LPC: -7565 945 -3517 5000 118 -905 1369 -2377 2763 -731 
91, LPC: -7426 1379 -2393 6549 -922 -2889 924 1219 1691 -835 
92, LPC: -9316 2827 1598 4368 -2441 -2621 2408 3539 -2986 880 
93, LPC: -8303 4007 3200 1372 -1236 -508 4809 -662 -1588 1463 
94, LPC: -6524 3205 4211 460 -1186 1637 4412 -3338 1038 684 
95, LPC: -4476 3169 2130 1471 -69 3180 1902 -2679 1678 50 
96, LPC: -2776 1004 -1700 3027 1893 3655 -588 -1645 1375 774 
97, LPC: -3401 -796 -7352 5927 2956 2765 -3025 -784 888 528 
98, LPC: -1974 -6205 -4578 2783 4956 -539 673 -2183 573 -236 
99, LPC: 3439 3319 -1079 -799 -1363 -4006 -388 -2431 -361 -1592 
100, LPC: 379 -2248 -514 -2073 -1753 -1369 858 -1029 830 -970 
101, LPC: -11099 5686 5951 -5594 682 1973 3079 -3939 3141 -447 
102, LPC: -96 -1011 965 -2152 162 -941 -1556 -1208 2056 -735 
103, LPC: -1198 5658 1973 -322 2673 -490 62 650 -497 1118 
104, LPC: -1413 -1568 -482 2824 -947 1852 1492 -354 22 1232 
105, LPC: -7251 4933 -6075 4338 182 2007 2326 -4001 1444 184 
106, LPC: -5767 3426 -3985 3816 1490 1854 1889 -3879 1908 982 
107, LPC: -4388 2902 -3720 3490 2199 2051 1388 -3400 2068 162 
108, LPC: -3641 2223 -4296 4156 2328 2764 146 -2632 1890 427 
109, LPC: -3798 2156 -3943 4553 2150 2640 -49 -2135 2051 533 
110, LPC: -4652 2849 -4075 5133 1603 2857 -322 -2190 2161 1121 
111, LPC: -4817 4227 -3464 4238 1132 2453 1443 -2842 1884 417 
112, LPC: -6464 6132 -3550 4864 -61 2352 2200 -3107 1405 995 
113, LPC: -8187 8187 -4409 5830 -2278 3136 2273 -3285 1727 529 
114, LPC: -10518 10986 -8089 8951 -6250 5554 347 -2505 1843 -185 
115, LPC: -5662 -1666 697 -1268 3107 -852 2027 -2350 -1289 788 
116, LPC: -1358 -2306 314 -1142 -408 -792 674 -100 -267 -1608 
117, LPC: -2454 -3 -1459 -2072 650 -956 785 -682 813 -1728 
118, LPC: -544 -1620 -937 -1122 -118 -1301 386 -247 -1212 -180 
119, LPC: -730 -2952 776 3432 2501 -1592 1590 895 -60 1466 
